year,month,day,hour,lat,long,wind,pressure
1.0,-0.054,-0.011,-0.002,-0.016,0.042,-0.028,-0.014
-0.054,1.0,-0.153,-0.005,-0.04,0.106,0.132,-0.149
-0.011,-0.153,1.0,-0.0,-0.024,0.033,-0.019,0.019
-0.002,-0.005,-0.0,1.0,-0.001,-0.009,0.003,0.0
-0.016,-0.04,-0.024,-0.001,1.0,0.115,-0.007,-0.11
0.042,0.106,0.033,-0.009,0.115,1.0,-0.032,0.041
-0.028,0.132,-0.019,0.003,-0.007,-0.032,1.0,-0.929
-0.014,-0.149,0.019,0.0,-0.11,0.041,-0.929,1.0
